2857634
2857635
2857636
2857637
2857639
2857640
2857641
2857643
2857644
2857645
2857646
2857647
2857648
2857649
2857650
2857651
2857652
2857653
2857654
2857655
2857656
2857657
2857658
2857660
2857661
2857662
2857663
2857664
2857665
2857666
2857667
2857668
2857670
2857671
2857672
2857673
2857675
2857676
2857677
2857678
2857679
2857680
2857681
2857682
2857683
2857684
2857686
2857690
2857691
2857692
2857693
2857694
2857696
2857697
2857698
2857699
2857700
2857702
2857704
2857709
2857710
2857711
2857713
2857714
2857716
2857718
2857719
2858091
2858225
2861829
2864095
2865500
2868816
2868850
2872125
2873990
2874543
2875565
2879611
2879663
2880816
2889048
2889073
2890208
2892463
2892657
2892780
2892981
2893803
2894283
2894484
2903253
2903310
2906278
2907161
2909413
3778524
3778529
3778535
3779350
3782962
3783783
3785555
3794370
3795326
3795331
3796200
3796207
3800727
3802289
3802998
3803588
3820355
3820371
3829267
3829272
3830204
3831804
3834965
3839058
3839065
3839070
3839073
