3497740
3612567
3736321
3808151
3816333
3893137
3940171
4093885
4131850
4236284
4250002
4278152
4297132
4360133
4461708
4465137
4486809
4507318
4507558
4565270
4576666
4586987
4606201
4616213
4617692
4625345
4625846
4631664
4633820
4634678
4637661
4640350
4646381
4646496
4646510
4654053
4655199
4662544
4665748
4669666
4675298
4675504
4677390
4677508
4691255
4694007
4705720
4708734
3294941
3323825
3486369
3873961
4186849
4247313
4329181
4359835
4534809
4586147
4586950
4632728
4677402
4682355
4701458
4704041
4704287
4707922
4708701
2853615
2857640
2857667
2857670
2857671
2857672
2857673
2857675
2857676
2857677
2857678
2857679
2857680
2857681
2857682
2857683
2857684
2857686
2857690
2857691
2857692
2857693
2857694
2857696
2857697
2857698
2857699
2857700
2857702
2857704
2857709
2857710
2857711
2857713
2857714
2857716
2857718
2857719
2858091
2858225
2861829
2864095
2865500
2868816
2868850
2872125
2873990
2874543
2875565
2879611
2879663
2880816
2889048
2889073
2890208
2892463
2892657
2892780
2892981
2894283
2894484
2903253
2903310
2906278
2907161
2909413
3533528
3684033
3774653
3778524
3778529
3778535
3779350
3782962
3783783
3785555
3794370
3795326
3795331
3796200
3796207
3800727
4093877
4505654
3131824
3131826
3137374
3172790
3237996
3359418
3411560
3495610
3499379
3507025
3581145
3581205
3736143
3764165
3779201
3788895
3829280
3858464
3863171
3875425
3910008
3915540
3934937
3934951
3934964
4007507
4008263
4020121
4022011
4086221
4105896
4131846
4131852
4131856
4131875
4135064
4153430
4153448
4186867
4198026
4226085
4233057
4240560
4250294
4329208
4337455
4425592
4461431
4497546
4512309
4513194
4621071
4650407
4677389
3422404
4103572
4387536
4512951
